[0m[38;2;0;0;0m              [38;2;0;0;1m [38;2;5;5;21m [38;2;8;8;35m [38;2;10;10;48m [38;2;11;11;54m [38;2;13;13;63m [38;2;14;14;67m [38;2;14;14;67m [38;2;14;14;67m [38;2;14;14;67m [38;2;14;14;67m [38;2;12;12;59m [38;2;11;11;50m [38;2;9;9;42m [38;2;6;6;28m [38;2;0;0;0m [38;2;0;0;0m              [0m
[0m[38;2;0;0;0m          [38;2;0;0;3m [38;2;5;5;23m [38;2;8;8;37m [38;2;11;11;52m [38;2;13;13;64m [38;2;40;39;77m.[38;2;77;74;90m,[38;2;105;101;100m:[38;2;127;122;108ml[38;2;145;140;115mo[38;2;158;152;120md[38;2;149;144;116mo[38;2;125;121;108mc[38;2;103;99;99m:[38;2;79;77;91m,[38;2;57;55;83m.[38;2;38;37;76m.[38;2;19;19;69m [38;2;14;14;67m [38;2;5;5;25m [38;2;0;0;0m              [0m
[0m[38;2;0;0;0m       [38;2;0;0;1m [38;2;5;5;22m [38;2;10;10;46m [38;2;14;14;65m [38;2;54;52;82m.[38;2;115;111;104mc[38;2;168;162;123mx[38;2;219;211;142mK[38;2;253;243;154mN[38;2;250;240;153mN[38;2;199;192;135mO[38;2;144;139;115mo[38;2;94;90;96m;[38;2;51;49;80m.[38;2;8;8;29m [38;2;18;18;18m [38;2;16;16;16m [38;2;14;14;14m [38;2;14;14;14m [38;2;14;14;14m [38;2;14;14;14m [38;2;13;13;13m [38;2;4;4;4m [38;2;0;0;0m              [0m
[0m[38;2;0;0;0m     [38;2;0;0;2m [38;2;7;7;33m [38;2;13;13;61m [38;2;28;27;72m.[38;2;114;110;103mc[38;2;201;193;135mO[38;2;254;244;154mN[38;2;255;245;155mWW[38;2;217;209;141mK[38;2;123;118;107mc[38;2;42;41;77m.[38;2;5;5;22m [38;2;14;14;14m [38;2;9;9;9m [38;2;5;5;5m [38;2;1;1;1m [38;2;0;0;0m                      [0m
[0m[38;2;0;0;0m    [38;2;4;4;21m [38;2;12;12;60m [38;2;31;30;73m.[38;2;133;128;111ml[38;2;232;222;146mX[38;2;255;245;155mWWW[38;2;225;216;144mK[38;2;108;104;101m:[38;2;20;19;69m [38;2;14;14;67m [38;2;12;12;56m [38;2;6;6;30m [38;2;5;5;26m [38;2;6;6;28m [38;2;6;6;31m [38;2;6;6;31m [38;2;7;7;33m [38;2;6;6;31m [38;2;6;6;31m [38;2;5;5;26m [38;2;5;5;26m [38;2;6;6;28m [38;2;7;7;32m [38;2;8;8;36m [38;2;8;8;36m [38;2;7;7;35m [38;2;2;2;11m [38;2;0;0;0m           [0m
[0m[38;2;0;0;0m  [38;2;0;0;0m [38;2;8;8;41m [38;2;14;14;67m [38;2;82;79;92m,[38;2;226;218;145mK[38;2;255;245;155mWWW[38;2;255;245;155mW[38;2;158;152;119md[38;2;26;26;72m.[38;2;21;21;76m [38;2;92;95;162m:[38;2;89;91;157m;[38;2;80;82;146m;[38;2;72;73;136m,[38;2;66;68;130m'[38;2;74;76;139m,[38;2;84;86;151m;[38;2;88;90;156m;[38;2;89;91;157m;[38;2;86;89;154m;[38;2;80;82;146m;[38;2;68;70;132m,[38;2;68;70;132m,[38;2;75;77;141m,[38;2;84;87;152m;[38;2;93;96;163m:[38;2;60;61;122m'[38;2;14;14;67m [38;2;8;8;39m [38;2;0;0;0m           [0m
[0m[38;2;0;0;0m [38;2;1;1;1m [38;2;11;11;51m [38;2;14;14;67m [38;2;113;109;103m:[38;2;251;241;154mN[38;2;255;245;155mWWWW[38;2;146;140;115mo[38;2;15;15;67m [38;2;3;3;17m [38;2;10;10;50m [38;2;50;51;111m.[38;2;125;128;201mo[38;2;169;174;254mO[38;2;174;178;254mO[38;2;178;181;253mO[38;2;173;178;254mO[38;2;169;174;254mO[38;2;169;174;254mOOO[38;2;170;175;254mO[38;2;176;180;253mO[38;2;178;182;253mO[38;2;170;175;254mO[38;2;155;160;238mx[38;2;92;94;161m:[38;2;21;21;75m [38;2;4;4;20m [38;2;6;6;6m [38;2;0;0;0m           [0m
[0m[38;2;0;0;0m [38;2;9;9;44m [38;2;14;14;67m [38;2;100;96;98m;[38;2;253;243;154mN[38;2;255;245;155mWWWW[38;2;196;188;133mO[38;2;17;17;68m [38;2;6;6;27m [38;2;2;2;2m [38;2;2;2;10m [38;2;14;14;67m [38;2;62;64;125m'[38;2;169;174;254mO[38;2;238;233;247mN[38;2;243;237;247mW[38;2;242;236;247mW[38;2;232;228;248mN[38;2;212;210;250mX[38;2;204;204;251mK[38;2;223;220;249mX[38;2;238;233;247mN[38;2;243;237;247mW[38;2;243;237;247mW[38;2;203;203;251mK[38;2;142;146;221md[38;2;14;14;67m [38;2;11;11;53m [38;2;1;1;1m [38;2;0;0;0m            [0m
[0m[38;2;2;2;9m [38;2;14;14;67m [38;2;38;37;76m.[38;2;241;231;150mX[38;2;255;245;155mWWWWW[38;2;82;79;92m,[38;2;14;14;67m [38;2;1;1;3m [38;2;0;0;0m [38;2;1;1;4m [38;2;14;14;67m [38;2;62;63;125m'[38;2;169;174;254mO[38;2;201;202;251mK[38;2;192;188;213m0[38;2;151;148;175md[38;2;148;144;172md[38;2;213;208;225mK[38;2;243;237;247mW[38;2;162;158;184mx[38;2;159;155;181mx[38;2;148;145;173md[38;2;224;220;247mX[38;2;181;184;253mO[38;2;141;145;221md[38;2;14;14;67m [38;2;8;8;41m [38;2;0;0;0m             [0m
[0m[38;2;7;7;31m [38;2;14;14;67m [38;2;140;135;113mo[38;2;255;245;155mWWWWWW[38;2;34;33;74m.[38;2;14;14;67m [38;2;3;3;3m [38;2;0;0;0m [38;2;1;1;1m [38;2;5;5;23m [38;2;17;17;71m [38;2;112;115;185ml[38;2;169;174;254mO[38;2;171;176;254mO[38;2;181;184;253mO[38;2;180;183;253mO[38;2;184;187;253m0[38;2;202;202;251mK[38;2;176;180;253mO[38;2;182;185;253m0[38;2;176;180;253mO[38;2;169;174;254mO[38;2;155;159;237mx[38;2;53;55;115m.[38;2;14;14;67m [38;2;2;2;11m [38;2;0;0;0m             [0m
[0m[38;2;9;9;44m [38;2;14;14;67m [38;2;197;189;134mO[38;2;255;245;155mWWWWWW[38;2;44;42;78m.[38;2;14;14;67m [38;2;1;1;3m [38;2;0;0;0m  [38;2;7;7;36m [38;2;14;14;67m [38;2;49;50;110m.[38;2;119;122;194ml[38;2;144;148;224md[38;2;162;167;245mk[38;2;169;174;253mO[38;2;169;174;254mOOO[38;2;168;173;253mO[38;2;158;163;241mk[38;2;141;145;220md[38;2;130;133;206mo[38;2;102;105;173mc[38;2;17;18;71m [38;2;12;12;57m [38;2;1;1;3m [38;2;0;0;0m            [0m
[0m[38;2;8;8;39m [38;2;14;14;67m [38;2;195;187;133mO[38;2;255;245;155mWWWWWW[38;2;112;108;103m:[38;2;14;14;67m [38;2;5;5;23m [38;2;0;0;0m [38;2;2;2;2m [38;2;14;14;67m [38;2;23;23;77m.[38;2;164;169;248mk[38;2;169;174;254mOOO[38;2;169;174;254mO[38;2;169;174;254mOOOOOOOO[38;2;99;102;169m:[38;2;14;14;67m [38;2;11;11;54m [38;2;0;0;0m [38;2;0;0;0m       [38;2;0;0;0m [38;2;3;3;13m [38;2;2;2;12m [38;2;0;0;0m [0m
[0m[38;2;4;4;17m [38;2;14;14;67m [38;2;132;127;110ml[38;2;255;245;155mWWWWWW[38;2;227;218;145mK[38;2;31;31;73m.[38;2;14;14;64m [38;2;2;2;9m [38;2;1;1;1m [38;2;12;12;57m [38;2;18;18;72m [38;2;163;168;247mk[38;2;169;174;254mOOOOOOOOOOOO[38;2;166;171;250mk[38;2;27;27;83m.[38;2;14;14;67m [38;2;1;1;7m [38;2;0;0;0m      [38;2;1;1;5m [38;2;12;12;58m [38;2;16;16;68m [38;2;14;14;67m [38;2;10;10;49m [0m
[0m[38;2;5;5;5m [38;2;13;13;61m [38;2;32;31;74m.[38;2;235;226;148mX[38;2;255;245;155mWWWWWW[38;2;192;185;132mO[38;2;27;27;72m.[38;2;13;13;63m [38;2;4;4;20m [38;2;5;5;22m [38;2;14;14;67m [38;2;115;118;189ml[38;2;169;174;254mOO[38;2;150;154;231mx[38;2;169;174;254mOOOOOOOOOO[38;2;59;60;121m'[38;2;14;14;67m [38;2;3;3;16m [38;2;0;0;0m     [38;2;2;2;11m [38;2;12;12;60m [38;2;27;26;72m.[38;2;83;80;92m,[38;2;14;14;67m [38;2;5;5;24m [0m
[0m[38;2;0;0;0m [38;2;1;1;6m [38;2;14;14;67m [38;2;87;84;94m,[38;2;250;240;153mN[38;2;255;245;155mWWWWWW[38;2;210;202;139m0[38;2;78;76;90m,[38;2;14;14;67m [38;2;12;12;57m [38;2;14;14;67m [38;2;33;33;89m.[38;2;147;151;228mx[38;2;169;174;254mO[38;2;108;111;180mc[38;2;123;127;199mo[38;2;169;174;254mOOOOOOOOO[38;2;78;80;144m,[38;2;14;14;67m [38;2;5;5;25m [38;2;0;0;0m   [38;2;1;1;6m [38;2;8;8;39m [38;2;14;14;65m [38;2;68;66;87m'[38;2;155;149;118md[38;2;25;24;71m.[38;2;9;9;43m [38;2;4;4;4m [0m
[0m[38;2;0;0;0m [38;2;0;0;0m [38;2;14;14;14m [38;2;14;14;66m [38;2;96;92;97m;[38;2;246;236;152mN[38;2;255;245;155mWWWWWW[38;2;255;245;155mN[38;2;183;176;129mk[38;2;71;68;88m'[38;2;14;14;67m [38;2;14;14;67m [38;2;26;26;81m.[38;2;110;113;183mc[38;2;164;169;248mk[38;2;82;84;149m;[38;2;78;80;144m,[38;2;141;145;220md[38;2;169;174;254mO[38;2;169;174;254mOOOOOO[38;2;87;90;155m;[38;2;14;14;67m [38;2;6;6;27m [38;2;0;0;2m [38;2;5;5;24m [38;2;10;10;46m [38;2;14;14;66m [38;2;56;54;82m.[38;2;164;158;122md[38;2;194;186;133mO[38;2;32;31;73m.[38;2;9;9;42m [38;2;6;6;6m [38;2;0;0;0m [0m
[0m[38;2;0;0;0m  [38;2;0;0;0m [38;2;10;10;10m [38;2;10;10;50m [38;2;66;64;86m'[38;2;213;205;140m0[38;2;255;245;155mWWWWWWW[38;2;254;244;155mN[38;2;198;190;134mO[38;2;117;112;104mc[38;2;52;51;81m.[38;2;15;15;67m [38;2;40;41;99m.[38;2;88;91;156m;[38;2;92;94;161m:[38;2;58;59;120m'[38;2;59;60;121m'[38;2;90;92;158m:[38;2;121;125;196ml[38;2;143;147;223md[38;2;159;164;242mk[38;2;169;174;254mO[38;2;169;174;254mO[38;2;90;93;159m:[38;2;14;14;67m [38;2;13;13;63m [38;2;14;14;65m [38;2;51;49;80m.[38;2;120;115;106mc[38;2;193;186;132mO[38;2;248;238;152mN[38;2;148;143;116mo[38;2;23;22;70m [38;2;3;3;17m [38;2;5;5;5m [38;2;0;0;0m  [0m
[0m[38;2;0;0;0m    [38;2;5;5;5m [38;2;2;2;9m [38;2;23;23;70m [38;2;115;110;104mc[38;2;217;209;141mK[38;2;255;245;155mWWWWWWWW[38;2;255;245;155mN[38;2;220;211;142mK[38;2;169;162;123mx[38;2;126;121;108mc[38;2;92;89;96m;[38;2;67;65;86m'[38;2;48;47;80m.[38;2;34;34;74m.[38;2;28;27;72m.[38;2;29;29;73m.[38;2;33;32;76m.[38;2;28;29;84m.[38;2;35;35;92m.[38;2;25;26;81m.[38;2;14;14;67m [38;2;77;74;90m,[38;2;215;206;140m0[38;2;254;244;155mN[38;2;250;240;153mN[38;2;177;170;127mx[38;2;67;65;86m'[38;2;10;10;46m [38;2;12;12;12m [38;2;1;1;1m [38;2;0;0;0m   [0m
[0m[38;2;0;0;0m     [38;2;0;0;0m [38;2;9;9;9m [38;2;17;17;17m [38;2;19;18;65m [38;2;95;92;97m;[38;2;182;175;128mk[38;2;247;238;152mN[38;2;255;245;155mWWWWWWWWWWWW[38;2;255;245;155mN[38;2;250;240;153mN[38;2;252;242;154mN[38;2;251;241;154mN[38;2;226;218;145mK[38;2;205;197;137m0[38;2;191;183;132mk[38;2;182;175;128mk[38;2;208;200;138m0[38;2;223;215;143mK[38;2;143;138;114mo[38;2;52;50;81m.[38;2;8;8;37m [38;2;13;13;13m [38;2;4;4;4m [38;2;0;0;0m     [0m
[0m[38;2;0;0;0m       [38;2;0;0;0m [38;2;5;5;5m [38;2;12;12;12m [38;2;2;2;10m [38;2;37;36;75m.[38;2;96;93;97m;[38;2;150;144;117mo[38;2;200;193;135mO[38;2;243;234;151mN[38;2;255;245;155mWWWWWWWWWWWW[38;2;254;244;155mN[38;2;225;216;144mK[38;2;178;171;127mx[38;2;128;123;109ml[38;2;71;69;88m'[38;2;12;12;47m [38;2;16;16;16m [38;2;9;9;9m [38;2;2;2;2m [38;2;0;0;0m       [0m
[0m[38;2;0;0;0m          [38;2;0;0;0m [38;2;5;5;5m [38;2;10;10;10m [38;2;14;14;14m [38;2;17;17;17m [38;2;15;15;46m [38;2;58;56;83m.[38;2;86;83;93m,[38;2;108;104;101m:[38;2;127;122;108ml[38;2;139;134;113ml[38;2;146;141;115mo[38;2;148;142;116mo[38;2;144;138;114mo[38;2;134;129;111ml[38;2;119;114;105mc[38;2;99;96;98m;[38;2;75;72;89m'[38;2;42;40;77m.[38;2;3;3;14m [38;2;16;16;16m [38;2;12;12;12m [38;2;8;8;8m [38;2;3;3;3m [38;2;0;0;0m          [0m
[0m[38;2;0;0;0m               [38;2;4;4;4m [38;2;9;9;9m [38;2;13;13;13m [38;2;16;16;16m [38;2;1;1;4m [38;2;8;8;37m [38;2;12;12;59m [38;2;14;14;65m [38;2;11;11;51m [38;2;4;4;20m [38;2;17;17;17m [38;2;15;15;15m [38;2;11;11;11m [38;2;7;7;7m [38;2;1;1;1m [38;2;0;0;0m              [0m
